v 0.628677 -0.231834 -0.628677
v 0.628677 -0.231834 0.628677
v -0.628677 -0.231834 0.628677
v -0.628677 -0.231834 -0.628677
v 0.628677 0.231834 0.628677
v -0.628677 0.231834 0.628677
v -0.628677 0.231834 -0.628677
v 0.628677 0.231834 -0.628677
v 0.628677 -0.231834 -0.628677
v 0.628677 -0.231834 0.628677
v -0.628677 -0.231834 0.628677
v -0.628677 -0.231834 -0.628677
v 0.628677 0.231834 0.628677
v -0.628677 0.231834 0.628677
v -0.628677 0.231834 -0.628677
v 0.628677 0.231834 -0.628677
v 0.628677 -0.231834 -0.628677
v -0.628677 -0.231834 -0.628677
v -0.628677 -0.231834 0.628677
v 0.628677 -0.231834 0.628677
v 0.628677 0.231834 0.628677
v -0.628677 0.231834 0.628677
v -0.628677 0.231834 -0.628677
v -0.628677 0.231834 0.628677
v -1.775519 0.231834 0.628677
v -1.775519 0.231834 -0.628677
v -0.628677 0.231834 -0.628677
v 0.628677 0.231834 -0.628677
v 0.628677 0.231834 0.628677
v 0.628677 -0.231834 0.628677
v 0.628677 0.231834 -0.628677
v 7.892405 0.040310 -0.109310
v 7.892405 0.040310 0.109310
v 0.628677 -0.231834 -0.628677
v 7.892405 -0.040310 -0.109310
v 7.892405 -0.040310 0.109310
v 7.892405 -0.040310 0.109310
v 7.892405 -0.040310 -0.109310
v 7.892405 0.040310 -0.109310
v 7.892405 0.040310 0.109310
v -1.775519 0.231834 0.628677
v -1.775519 -0.231834 0.628677
v -1.775519 -0.231834 -0.628677
v -1.775519 0.231834 -0.628677
v -0.628677 -0.231834 -1.962097
v -1.775519 -0.231834 -1.962097
v -1.775519 0.231834 0.628677
v -1.775519 -0.231834 0.628677
v -0.628677 0.231834 -0.628677
v -1.775519 0.231834 -0.628677
v -1.775519 0.231834 0.628677
v -0.628677 0.231834 0.628677
v -0.628677 0.231834 -1.962097
v -1.775519 0.231834 -1.962097
v -1.775519 -0.231834 -1.962097
v -1.775519 -0.231834 -0.628677
v -0.628677 0.231834 0.628677
v -0.628677 0.231834 1.949757
v -1.775519 0.231834 1.949757
v -0.628677 -0.231834 0.628677
v -0.628677 -0.231834 1.949757
v -1.775519 -0.231834 1.949757
v -1.775519 -0.231834 0.628677
v -1.775519 -0.231834 1.949757
v -1.775519 0.231834 -1.962097
v -1.775519 0.231834 -0.628677
v -1.775519 0.231834 -0.628677
v -1.775519 0.231834 -1.962097
v -1.775519 -0.231834 -0.628677
v -1.775519 -0.231834 -1.962097
v -1.775519 -0.231834 -1.962097
v -1.775519 -0.231834 -0.628677
v -1.775519 0.231834 -1.962097
v -1.775519 0.231834 -0.628677
v -8.946774 2.189986 -0.628677
v -8.946774 2.189986 -1.962097
v -8.946774 -2.189986 -0.628677
v -8.946774 -2.189986 -1.962097
v -1.775519 0.231834 0.628677
v -1.775519 0.231834 1.949757
v -1.775519 0.231834 0.621899
v -1.775519 0.231834 1.955320
v -8.946774 2.189986 1.955320
v -8.946774 2.189986 0.621899
v -8.946774 -2.189986 1.955320
v -8.946774 -2.189986 0.621899
v -1.775519 -0.231834 0.621899
v -1.775519 -0.231834 1.955320
f 2 4 1
f 6 2 5
f 7 3 6
f 6 8 7
f 5 1 8
f 8 4 7
f 10 12 9
f 14 10 13
f 15 11 14
f 14 16 15
f 13 9 16
f 16 12 15
f 18 20 17
f 20 22 21
f 24 26 23
f 28 22 27
f 20 29 30
f 18 28 27
f 31 33 29
f 28 34 31
f 21 31 29
f 17 30 34
f 35 37 38
f 29 36 30
f 30 35 34
f 34 32 31
f 38 40 39
f 32 38 39
f 33 39 40
f 36 40 37
f 42 44 41
f 18 42 19
f 18 46 43
f 42 47 48
f 50 52 49
f 52 25 24
f 49 24 23
f 50 23 26
f 51 26 25
f 53 46 45
f 27 45 18
f 43 55 56
f 44 53 27
f 57 59 47
f 41 57 47
f 22 60 57
f 19 48 60
f 61 59 58
f 60 58 57
f 48 61 60
f 62 63 64
f 65 67 68
f 46 65 55
f 44 56 66
f 54 66 65
f 69 71 72
f 55 68 70
f 56 70 69
f 66 69 67
f 74 76 73
f 67 72 74
f 68 74 73
f 70 73 71
f 77 76 75
f 73 78 71
f 71 77 72
f 72 75 74
f 79 64 63
f 47 80 79
f 59 64 80
f 48 79 63
f 82 84 81
f 85 84 83
f 81 86 87
f 87 85 88
f 88 83 82
f 2 3 4
f 6 3 2
f 7 4 3
f 6 5 8
f 5 2 1
f 8 1 4
f 10 11 12
f 14 11 10
f 15 12 11
f 14 13 16
f 13 10 9
f 16 9 12
f 18 19 20
f 20 19 22
f 24 25 26
f 28 21 22
f 20 21 29
f 18 17 28
f 31 32 33
f 28 17 34
f 21 28 31
f 17 20 30
f 35 36 37
f 29 33 36
f 30 36 35
f 34 35 32
f 38 37 40
f 32 35 38
f 33 32 39
f 36 33 40
f 42 43 44
f 18 43 42
f 18 45 46
f 42 41 47
f 50 51 52
f 52 51 25
f 49 52 24
f 50 49 23
f 51 50 26
f 53 54 46
f 27 53 45
f 43 46 55
f 44 54 53
f 57 58 59
f 41 22 57
f 22 19 60
f 19 42 48
f 61 62 59
f 60 61 58
f 48 62 61
f 62 48 63
f 65 66 67
f 46 54 65
f 44 43 56
f 54 44 66
f 69 70 71
f 55 65 68
f 56 55 70
f 66 56 69
f 74 75 76
f 67 69 72
f 68 67 74
f 70 68 73
f 77 78 76
f 73 76 78
f 71 78 77
f 72 77 75
f 79 80 64
f 47 59 80
f 59 62 64
f 48 47 79
f 82 83 84
f 85 86 84
f 81 84 86
f 87 86 85
f 88 85 83
