v 1.000000 0.281628 0.052256
v 1.000000 -0.281628 0.052256
v 1.000000 0.281628 2.078549
v 1.000000 -0.281628 2.078549
v -1.000000 0.281628 0.052256
v -1.000000 -0.281628 0.052256
v -1.000000 0.281628 2.078549
v -1.000000 -0.281628 2.078549
v -0.483056 -0.136042 3.420698
v -0.483056 0.136042 3.420698
v 0.483056 0.136042 3.420698
v 0.483056 -0.136042 3.420698
v -0.176488 -0.049704 3.931410
v -0.176488 0.049704 3.931410
v 0.176488 0.049704 3.931410
v 0.176488 -0.049704 3.931410
v 1.000000 0.281628 2.078549
v -1.000000 0.281628 2.078549
v 1.000000 0.281628 0.052256
v 3.708876 -2.409769 -1.042602
v 3.708876 -2.973026 -1.042602
v 3.708876 -2.409769 0.983691
v 3.708876 -2.973026 0.983691
v 3.390162 -2.093112 1.112507
v 1.883511 -1.159439 1.721456
v 3.297609 -2.564412 1.149915
v 3.667350 -2.409769 3.131888
v 3.667350 -2.973026 3.131888
v 3.256083 -2.564412 3.298112
v 3.348637 -2.093112 3.260704
f 3 12 4
f 7 6 8
f 2 8 6
f 3 25 24
f 5 2 6
f 12 13 9
f 8 10 7
f 4 9 8
f 7 11 3
f 15 13 16
f 11 16 12
f 10 15 11
f 9 14 10
f 3 19 17
f 7 17 18
f 5 7 18
f 1 5 19
f 20 23 21
f 2 20 21
f 25 21 26
f 24 22 20
f 29 27 30
f 24 25 26
f 26 28 29
f 22 28 23
f 26 30 24
f 24 27 22
f 3 11 12
f 7 5 6
f 2 4 8
f 3 4 25
f 5 1 2
f 12 16 13
f 8 9 10
f 4 12 9
f 7 10 11
f 15 14 13
f 11 15 16
f 10 14 15
f 9 13 14
f 3 1 19
f 7 3 17
f 20 22 23
f 2 1 20
f 25 4 2
f 2 21 25
f 21 23 26
f 20 1 24
f 1 3 24
f 29 28 27
f 26 23 28
f 22 27 28
f 26 29 30
f 24 30 27
f 18 19 5
f 18 17 19
