v 2.036647 0.457266 -1.328568
v 2.036647 -0.457266 -1.328568
v 2.036647 0.457266 1.328568
v 2.036647 -0.457266 1.328568
v -2.036647 0.457266 -1.328568
v -2.036647 -0.457266 -1.328568
v -2.036647 0.457266 1.328568
v -2.036647 -0.457266 1.328568
v 2.036647 -0.457266 -1.328568
v -2.036647 -0.457266 -1.328568
v 2.036647 0.457266 -1.328568
v -2.036647 0.457266 -1.328568
v 2.036647 -0.457266 -1.328568
v -2.036647 -0.457266 -1.328568
v 2.036647 0.457266 -1.328568
v -2.036647 0.457266 -1.328568
v -2.036647 -0.457266 -1.328568
v -2.036647 -0.457266 1.328568
v -2.036647 0.457266 1.328568
v -2.036647 0.457266 -1.328568
v -2.036647 -0.457266 -1.328568
v -2.036647 -0.457266 1.328568
v -2.036647 0.457266 1.328568
v -2.036647 0.457266 -1.328568
v 2.036647 0.457266 1.328568
v -2.036647 0.457266 1.328568
v 2.036647 0.457266 -1.328568
v -2.036647 0.457266 -1.328568
v 1.723381 0.457266 1.124215
v -1.723381 0.457266 1.124215
v 1.723381 0.457266 -1.124215
v -1.723381 0.457266 -1.124215
v -5.172963 -0.218403 -0.634561
v -5.172963 -0.218403 0.634561
v -5.172963 0.218403 0.634561
v -5.172963 0.218403 -0.634561
v -7.107732 -0.218403 -0.634561
v -7.107732 -0.218403 0.634561
v -7.107732 0.218403 0.634561
v -7.107732 0.218403 -0.634561
v -7.107732 -0.218403 -0.634561
v -7.107732 -0.218403 0.634561
v -7.107732 0.218403 0.634561
v -7.107732 0.218403 -0.634561
v -7.107732 -0.218403 -0.634561
v -7.107732 -0.218403 0.634561
v -7.107732 0.218403 0.634561
v -7.107732 0.218403 -0.634561
v -7.107732 1.136522 3.302117
v -7.107732 1.136522 -3.302117
v -7.107732 -1.136522 -3.302117
v -7.107732 -1.136522 3.302117
v -8.135468 1.136522 3.302117
v -8.135468 1.136522 -3.302117
v -8.135468 -1.136522 -3.302117
v -8.135468 -1.136522 3.302117
v -8.135468 2.265383 6.581975
v -8.411348 1.247409 -6.581975
v -8.411348 -1.247409 -6.581975
v -8.135468 -2.265383 6.581975
v -7.474876 0.696365 -14.685357
v -7.362022 -0.574108 -14.685357
v -7.768323 0.696365 -14.685357
v -7.881177 -0.574108 -14.685357
v -8.135468 1.136522 -3.302117
v -7.107732 1.136522 -3.302117
v -7.912058 1.014264 -14.685357
v -7.331141 1.014264 -14.685357
v -8.135468 1.136522 -3.302117
v -7.107732 1.136522 -3.302117
v -7.912058 1.014264 -14.685357
v -7.331141 1.014264 -14.685357
v 1.171858 -0.263105 -5.238942
v -1.171858 -0.263105 -5.238942
v 1.171858 0.263105 -5.238942
v -1.171858 0.263105 -5.238942
v 0.573584 -0.128781 -8.189427
v -0.573584 -0.128781 -8.189427
v 0.573584 0.128781 -8.189427
v -0.573584 0.128781 -8.189427
v 0.573584 -0.128781 -8.189427
v -0.573584 -0.128781 -8.189427
v 0.573584 0.128781 -8.189427
v -0.573584 0.128781 -8.189427
v -2.910506 -0.653464 3.589961
v -2.910506 0.653464 3.589961
v 2.910506 0.653464 3.589961
v 2.910506 -0.653464 3.589961
v 2.036647 0.457266 1.328568
v -2.036647 0.457266 1.328568
v 2.036647 0.457266 -1.328568
v -2.036647 0.457266 -1.328568
v 1.723381 1.159481 1.124215
v -1.723381 1.159481 1.124215
v 1.723381 1.159481 -1.124215
v -1.723381 1.159481 -1.124215
v 1.723381 0.457266 -1.124215
v 1.723381 0.457266 1.124215
v 1.723381 1.159481 -1.124215
v 1.723381 1.159481 1.124215
v 2.036647 0.457266 -1.328568
v 2.036647 0.457266 1.328568
v 1.723381 0.457266 -1.124215
v 1.723381 0.457266 1.124215
v 1.723381 0.457266 -1.124215
v 1.723381 0.457266 1.124215
v 1.723381 1.159481 -1.124215
v 1.723381 1.159481 1.124215
v -9.363350 2.265383 6.581975
v -9.087469 1.247409 -6.581975
v -9.087469 -1.247409 -6.581975
v -9.363350 -2.265383 6.581975
v 0.000000 0.000000 -1.000000
v -0.195090 0.000000 -0.980785
v -0.382683 0.000000 -0.923880
v -0.555570 0.000000 -0.831470
v -0.707107 0.000000 -0.707107
v -0.831470 0.000000 -0.555570
v -0.923879 0.000000 -0.382683
v -0.980785 0.000000 -0.195090
v -1.000000 0.000000 -0.000000
v -0.980785 0.000000 0.195090
v -0.923880 0.000000 0.382683
v -0.831470 0.000000 0.555570
v -0.707107 0.000000 0.707107
v -0.555570 0.000000 0.831470
v -0.382683 0.000000 0.923880
v -0.195090 0.000000 0.980785
v 0.000000 0.000000 1.000000
v 0.195091 0.000000 0.980785
v 0.382684 0.000000 0.923879
v 0.555571 0.000000 0.831469
v 0.707107 0.000000 0.707106
v 0.831470 0.000000 0.555570
v 0.923880 0.000000 0.382683
v 0.980785 0.000000 0.195089
v 1.000000 0.000000 -0.000001
v 0.980785 0.000000 -0.195091
v 0.923879 0.000000 -0.382684
v 0.831469 0.000000 -0.555571
v 0.707106 0.000000 -0.707108
v 0.555569 0.000000 -0.831470
v 0.382682 0.000000 -0.923880
v 0.195089 0.000000 -0.980786
v -7.474876 0.696365 -14.685357
v -7.362022 -0.574108 -14.685357
v -7.768323 0.696365 -14.685357
v -7.881177 -0.574108 -14.685357
v -7.912058 1.014264 -14.685357
v -7.331141 1.014264 -14.685357
f 3 27 25
f 8 86 7
f 5 17 20
f 2 8 6
f 1 4 2
f 2 10 9
f 9 14 13
f 5 11 12
f 1 9 11
f 6 12 10
f 15 76 16
f 12 15 16
f 11 13 15
f 10 16 14
f 18 23 22
f 8 19 18
f 6 18 17
f 7 20 19
f 21 36 24
f 20 21 24
f 17 22 21
f 19 24 23
f 27 92 91
f 1 28 27
f 7 25 26
f 5 26 28
f 29 94 30
f 25 91 89
f 28 90 92
f 26 89 90
f 33 40 36
f 22 33 21
f 24 35 23
f 23 34 22
f 39 44 43
f 34 37 33
f 36 39 35
f 35 38 34
f 44 45 48
f 38 43 42
f 40 41 44
f 37 42 41
f 45 50 49
f 41 46 45
f 43 48 47
f 42 47 46
f 52 55 51
f 47 52 51
f 46 51 50
f 48 49 52
f 53 60 56
f 54 66 65
f 49 56 52
f 50 53 49
f 60 111 59
f 54 57 53
f 55 60 59
f 55 58 54
f 63 149 147
f 50 62 61
f 55 62 51
f 54 64 55
f 66 72 70
f 50 68 66
f 63 65 67
f 64 147 148
f 70 71 69
f 65 70 69
f 67 69 71
f 68 71 72
f 76 78 74
f 13 75 15
f 16 74 14
f 14 73 13
f 78 84 82
f 74 77 73
f 75 80 76
f 73 79 75
f 84 81 82
f 77 82 81
f 80 83 84
f 79 81 83
f 87 85 88
f 8 88 85
f 3 86 87
f 3 88 4
f 30 89 29
f 98 105 106
f 32 90 30
f 31 92 32
f 96 93 95
f 32 95 31
f 95 100 99
f 30 96 32
f 100 106 108
f 29 97 98
f 93 98 100
f 31 99 97
f 104 101 103
f 105 108 106
f 31 104 103
f 97 107 105
f 99 108 107
f 91 103 101
f 29 102 104
f 89 101 102
f 111 109 110
f 59 110 58
f 57 112 60
f 58 109 57
f 146 147 145
f 145 149 150
f 62 148 146
f 61 146 145
f 67 150 149
f 68 145 150
f 3 1 27
f 8 85 86
f 5 6 17
f 2 4 8
f 1 3 4
f 2 6 10
f 9 10 14
f 5 1 11
f 1 2 9
f 6 5 12
f 15 75 76
f 12 11 15
f 11 9 13
f 10 12 16
f 18 19 23
f 8 7 19
f 6 8 18
f 7 5 20
f 21 33 36
f 20 17 21
f 17 18 22
f 19 20 24
f 27 28 92
f 1 5 28
f 7 3 25
f 5 7 26
f 29 93 94
f 25 27 91
f 28 26 90
f 26 25 89
f 33 37 40
f 22 34 33
f 24 36 35
f 23 35 34
f 39 40 44
f 34 38 37
f 36 40 39
f 35 39 38
f 44 41 45
f 38 39 43
f 40 37 41
f 37 38 42
f 45 46 50
f 41 42 46
f 43 44 48
f 42 43 47
f 52 56 55
f 47 48 52
f 46 47 51
f 48 45 49
f 53 57 60
f 54 50 66
f 49 53 56
f 50 54 53
f 60 112 111
f 54 58 57
f 55 56 60
f 55 59 58
f 63 67 149
f 50 51 62
f 55 64 62
f 54 63 64
f 66 68 72
f 50 61 68
f 63 54 65
f 64 63 147
f 70 72 71
f 65 66 70
f 67 65 69
f 68 67 71
f 76 80 78
f 13 73 75
f 16 76 74
f 14 74 73
f 78 80 84
f 74 78 77
f 75 79 80
f 73 77 79
f 84 83 81
f 77 78 82
f 80 79 83
f 79 77 81
f 87 86 85
f 8 4 88
f 3 7 86
f 3 87 88
f 30 90 89
f 98 97 105
f 32 92 90
f 31 91 92
f 96 94 93
f 32 96 95
f 95 93 100
f 30 94 96
f 100 98 106
f 29 31 97
f 93 29 98
f 31 95 99
f 104 102 101
f 105 107 108
f 31 29 104
f 97 99 107
f 99 100 108
f 91 31 103
f 29 89 102
f 89 91 101
f 111 112 109
f 59 111 110
f 57 109 112
f 58 110 109
f 146 148 147
f 145 147 149
f 62 64 148
f 61 62 146
f 67 68 150
f 68 61 145