v 0.000000 0.000000 -1.000000
v -0.195090 0.000000 -0.980785
v -0.382683 0.000000 -0.923880
v -0.555570 0.000000 -0.831470
v -0.707107 0.000000 -0.707107
v -0.831470 0.000000 -0.555570
v -0.923880 0.000000 -0.382683
v -0.980785 0.000000 -0.195090
v -1.000000 0.000000 -0.000000
v -0.980785 0.000000 0.195090
v -0.923880 0.000000 0.382683
v -0.831470 0.000000 0.555570
v -0.707107 0.000000 0.707107
v -0.555570 0.000000 0.831470
v -0.382683 0.000000 0.923880
v -0.195090 0.000000 0.980785
v 0.000000 0.000000 1.000000
v 0.195091 0.000000 0.980785
v 0.382684 0.000000 0.923879
v 0.555571 0.000000 0.831469
v 0.707107 0.000000 0.707106
v 0.831470 0.000000 0.555570
v 0.923880 0.000000 0.382683
v 0.980785 0.000000 0.195089
v 1.000000 0.000000 -0.000001
v 0.980785 0.000000 -0.195091
v 0.923879 0.000000 -0.382684
v 0.831469 0.000000 -0.555571
v 0.707106 0.000000 -0.707108
v 0.555569 0.000000 -0.831470
v 0.382682 0.000000 -0.923880
v 0.195089 0.000000 -0.980786
v 0.000000 0.000000 -1.000000
v -0.195090 0.000000 -0.980785
v -0.382683 0.000000 -0.923880
v -0.555570 0.000000 -0.831470
v -0.707107 0.000000 -0.707107
v -0.831470 0.000000 -0.555570
v -0.923880 0.000000 -0.382683
v -0.980785 0.000000 -0.195090
v -1.000000 0.000000 -0.000000
v -0.980785 0.000000 0.195090
v -0.923880 0.000000 0.382683
v -0.831470 0.000000 0.555570
v -0.707107 0.000000 0.707107
v -0.555570 0.000000 0.831470
v -0.382683 0.000000 0.923880
v -0.195090 0.000000 0.980785
v 0.000000 0.000000 1.000000
v 0.195091 0.000000 0.980785
v 0.382684 0.000000 0.923879
v 0.555571 0.000000 0.831469
v 0.707107 0.000000 0.707106
v 0.831470 0.000000 0.555570
v 0.923880 0.000000 0.382683
v 0.980785 0.000000 0.195089
v 1.000000 0.000000 -0.000001
v 0.980785 0.000000 -0.195091
v 0.923879 0.000000 -0.382684
v 0.831469 0.000000 -0.555571
v 0.707106 0.000000 -0.707108
v 0.555569 0.000000 -0.831470
v 0.382682 0.000000 -0.923880
v 0.195089 0.000000 -0.980786
v 0.000000 0.028067 -1.000000
v -0.195090 0.028067 -0.980785
v -0.382683 0.028067 -0.923880
v -0.555570 0.028067 -0.831470
v -0.707107 0.028067 -0.707107
v -0.831470 0.028067 -0.555570
v -0.923880 0.028067 -0.382683
v -0.980785 0.028067 -0.195090
v -1.000000 0.028067 -0.000000
v -0.980785 0.028067 0.195090
v -0.923880 0.028067 0.382683
v -0.831470 0.028067 0.555570
v -0.707107 0.028067 0.707107
v -0.555570 0.028067 0.831470
v -0.382683 0.028067 0.923880
v -0.195090 0.028067 0.980785
v 0.000000 0.028067 1.000000
v 0.195091 0.028067 0.980785
v 0.382684 0.028067 0.923879
v 0.555571 0.028067 0.831469
v 0.707107 0.028067 0.707106
v 0.831470 0.028067 0.555570
v 0.923880 0.028067 0.382683
v 0.980785 0.028067 0.195089
v 1.000000 0.028067 -0.000001
v 0.980785 0.028067 -0.195091
v 0.923879 0.028067 -0.382684
v 0.831469 0.028067 -0.555571
v 0.707106 0.028067 -0.707108
v 0.555569 0.028067 -0.831470
v 0.382682 0.028067 -0.923880
v 0.195089 0.028067 -0.980786
v -0.195090 0.000000 -0.980785
v 0.000000 0.000000 -1.000000
v -0.382683 0.000000 -0.923880
v -0.555570 0.000000 -0.831470
v -0.707107 0.000000 -0.707107
v -0.831470 0.000000 -0.555570
v -0.923880 0.000000 -0.382683
v -0.980785 0.000000 -0.195090
v -1.000000 0.000000 -0.000000
v -0.980785 0.000000 0.195090
v -0.923880 0.000000 0.382683
v -0.831470 0.000000 0.555570
v -0.707107 0.000000 0.707107
v -0.555570 0.000000 0.831470
v -0.382683 0.000000 0.923880
v -0.195090 0.000000 0.980785
v 0.000000 0.000000 1.000000
v 0.195091 0.000000 0.980785
v 0.382684 0.000000 0.923879
v 0.555571 0.000000 0.831469
v 0.707107 0.000000 0.707106
v 0.831470 0.000000 0.555570
v 0.923880 0.000000 0.382683
v 0.980785 0.000000 0.195089
v 1.000000 0.000000 -0.000001
v 0.980785 0.000000 -0.195091
v 0.923879 0.000000 -0.382684
v 0.831469 0.000000 -0.555571
v 0.707106 0.000000 -0.707108
v 0.555569 0.000000 -0.831470
v 0.382682 0.000000 -0.923880
v 0.195089 0.000000 -0.980786
v -0.195090 0.028067 -0.980785
v 0.000000 0.028067 -1.000000
v -0.382683 0.028067 -0.923880
v -0.555570 0.028067 -0.831470
v -0.707107 0.028067 -0.707107
v -0.831470 0.028067 -0.555570
v -0.923880 0.028067 -0.382683
v -0.980785 0.028067 -0.195090
v -1.000000 0.028067 -0.000000
v -0.980785 0.028067 0.195090
v -0.923880 0.028067 0.382683
v -0.831470 0.028067 0.555570
v -0.707107 0.028067 0.707107
v -0.555570 0.028067 0.831470
v -0.382683 0.028067 0.923880
v -0.195090 0.028067 0.980785
v 0.000000 0.028067 1.000000
v 0.195091 0.028067 0.980785
v 0.382684 0.028067 0.923879
v 0.555571 0.028067 0.831469
v 0.707107 0.028067 0.707106
v 0.831470 0.028067 0.555570
v 0.923880 0.028067 0.382683
v 0.980785 0.028067 0.195089
v 1.000000 0.028067 -0.000001
v 0.980785 0.028067 -0.195091
v 0.923879 0.028067 -0.382684
v 0.831469 0.028067 -0.555571
v 0.707106 0.028067 -0.707108
v 0.555569 0.028067 -0.831470
v 0.382682 0.028067 -0.923880
v 0.195089 0.028067 -0.980786
v -0.262136 -0.003215 -1.317848
v 0.000000 -0.003215 -1.343667
v -0.514199 -0.003215 -1.241386
v -0.746501 -0.003215 -1.117218
v -0.950116 -0.003215 -0.950116
v -1.117218 -0.003215 -0.746501
v -1.241386 -0.003215 -0.514199
v -1.317848 -0.003215 -0.262136
v -1.343667 -0.003215 -0.000000
v -1.317848 -0.003215 0.262136
v -1.241386 -0.003215 0.514199
v -1.117218 -0.003215 0.746501
v -0.950116 -0.003215 0.950116
v -0.746501 -0.003215 1.117218
v -0.514199 -0.003215 1.241386
v -0.262136 -0.003215 1.317849
v 0.000000 -0.003215 1.343667
v 0.262137 -0.003215 1.317849
v 0.514200 -0.003215 1.241386
v 0.746502 -0.003215 1.117218
v 0.950116 -0.003215 0.950115
v 1.117219 -0.003215 0.746501
v 1.241387 -0.003215 0.514198
v 1.317849 -0.003215 0.262135
v 1.343667 -0.003215 -0.000001
v 1.317848 -0.003215 -0.262138
v 1.241386 -0.003215 -0.514200
v 1.117217 -0.003215 -0.746502
v 0.950115 -0.003215 -0.950117
v 0.746500 -0.003215 -1.117219
v 0.514197 -0.003215 -1.241387
v 0.262134 -0.003215 -1.317849
v -0.262136 -0.003215 -1.317848
v 0.000000 -0.003215 -1.343667
v -0.514199 -0.003215 -1.241386
v -0.746501 -0.003215 -1.117218
v -0.950116 -0.003215 -0.950116
v -1.117218 -0.003215 -0.746501
v -1.241386 -0.003215 -0.514199
v -1.317848 -0.003215 -0.262136
v -1.343667 -0.003215 -0.000000
v -1.317848 -0.003215 0.262136
v -1.241386 -0.003215 0.514199
v -1.117218 -0.003215 0.746501
v -0.950116 -0.003215 0.950116
v -0.746501 -0.003215 1.117218
v -0.514199 -0.003215 1.241386
v -0.262136 -0.003215 1.317849
v 0.000000 -0.003215 1.343667
v 0.262137 -0.003215 1.317849
v 0.514200 -0.003215 1.241386
v 0.746502 -0.003215 1.117218
v 0.950116 -0.003215 0.950115
v 1.117219 -0.003215 0.746501
v 1.241387 -0.003215 0.514198
v 1.317849 -0.003215 0.262135
v 1.343667 -0.003215 -0.000001
v 1.317848 -0.003215 -0.262138
v 1.241386 -0.003215 -0.514200
v 1.117217 -0.003215 -0.746502
v 0.950115 -0.003215 -0.950117
v 0.746500 -0.003215 -1.117219
v 0.514197 -0.003215 -1.241387
v 0.262134 -0.003215 -1.317849
v -0.262136 0.034497 -1.317848
v 0.000000 0.034497 -1.343667
v -0.514199 0.034497 -1.241386
v -0.746501 0.034497 -1.117218
v -0.950116 0.034497 -0.950116
v -1.117218 0.034497 -0.746501
v -1.241386 0.034497 -0.514199
v -1.317848 0.034497 -0.262136
v -1.343667 0.034497 -0.000000
v -1.317848 0.034497 0.262136
v -1.241386 0.034497 0.514199
v -1.117218 0.034497 0.746501
v -0.950116 0.034497 0.950116
v -0.746501 0.034497 1.117218
v -0.514199 0.034497 1.241386
v -0.262136 0.034497 1.317849
v 0.000000 0.034497 1.343667
v 0.262137 0.034497 1.317849
v 0.514200 0.034497 1.241386
v 0.746502 0.034497 1.117218
v 0.950116 0.034497 0.950115
v 1.117219 0.034497 0.746501
v 1.241387 0.034497 0.514198
v 1.317849 0.034497 0.262135
v 1.343667 0.034497 -0.000001
v 1.317848 0.034497 -0.262138
v 1.241386 0.034497 -0.514200
v 1.117217 0.034497 -0.746502
v 0.950115 0.034497 -0.950117
v 0.746500 0.034497 -1.117219
v 0.514197 0.034497 -1.241387
v 0.262134 0.034497 -1.317849
f 32 63 64
f 19 50 51
f 6 37 38
f 1 64 33
f 20 51 52
f 7 38 39
f 21 52 53
f 8 39 40
f 22 53 54
f 9 40 41
f 23 54 55
f 10 41 42
f 24 55 56
f 11 42 43
f 25 56 57
f 12 43 44
f 26 57 58
f 13 44 45
f 27 58 59
f 14 45 46
f 28 59 60
f 15 46 47
f 2 33 34
f 29 60 61
f 16 47 48
f 3 34 35
f 30 61 62
f 17 48 49
f 4 35 36
f 31 62 63
f 18 49 50
f 5 36 37
f 58 91 59
f 45 78 46
f 59 92 60
f 46 79 47
f 33 66 34
f 60 93 61
f 47 80 48
f 34 67 35
f 61 94 62
f 48 81 49
f 35 68 36
f 62 95 63
f 49 82 50
f 36 69 37
f 63 96 64
f 50 83 51
f 37 70 38
f 64 65 33
f 51 84 52
f 38 71 39
f 52 85 53
f 39 72 40
f 53 86 54
f 40 73 41
f 54 87 55
f 41 74 42
f 55 88 56
f 42 75 43
f 56 89 57
f 43 76 44
f 57 90 58
f 44 77 45
f 225 131 129
f 156 253 157
f 180 115 116
f 130 225 129
f 155 252 156
f 179 114 115
f 154 251 155
f 178 113 114
f 153 250 154
f 177 112 113
f 152 249 153
f 176 111 112
f 151 248 152
f 111 174 110
f 150 247 151
f 110 173 109
f 149 246 150
f 109 172 108
f 244 149 148
f 108 171 107
f 243 148 147
f 107 170 106
f 242 147 146
f 170 105 106
f 241 146 145
f 105 168 104
f 240 145 144
f 104 167 103
f 239 144 143
f 103 166 102
f 98 192 128
f 238 143 142
f 166 101 102
f 192 127 128
f 237 142 141
f 101 164 100
f 191 126 127
f 236 141 140
f 100 163 99
f 190 125 126
f 235 140 139
f 163 97 99
f 189 124 125
f 234 139 138
f 161 98 97
f 188 123 124
f 233 138 137
f 187 122 123
f 232 137 136
f 186 121 122
f 135 232 136
f 185 120 121
f 230 135 134
f 256 130 160
f 184 119 120
f 229 134 133
f 159 256 160
f 183 118 119
f 228 133 132
f 158 255 159
f 182 117 118
f 227 132 131
f 157 254 158
f 181 116 117
f 69 134 70
f 24 119 23
f 96 130 65
f 70 135 71
f 25 120 24
f 71 136 72
f 26 121 25
f 72 137 73
f 27 122 26
f 73 138 74
f 28 123 27
f 2 98 1
f 74 139 75
f 29 124 28
f 3 97 2
f 75 140 76
f 30 125 29
f 4 99 3
f 76 141 77
f 31 126 30
f 5 100 4
f 77 142 78
f 32 127 31
f 6 101 5
f 78 143 79
f 1 128 32
f 7 102 6
f 79 144 80
f 8 103 7
f 80 145 81
f 9 104 8
f 81 146 82
f 10 105 9
f 82 147 83
f 11 106 10
f 83 148 84
f 12 107 11
f 84 149 85
f 13 108 12
f 85 150 86
f 14 109 13
f 86 151 87
f 15 110 14
f 87 152 88
f 16 111 15
f 88 153 89
f 17 112 16
f 89 154 90
f 18 113 17
f 90 155 91
f 19 114 18
f 91 156 92
f 65 129 66
f 20 115 19
f 92 157 93
f 66 131 67
f 21 116 20
f 93 158 94
f 67 132 68
f 22 117 21
f 94 159 95
f 68 133 69
f 23 118 22
f 95 160 96
f 192 223 191
f 179 210 178
f 166 197 165
f 162 224 192
f 180 211 179
f 167 198 166
f 181 212 180
f 168 199 167
f 182 213 181
f 169 200 168
f 183 214 182
f 170 201 169
f 184 215 183
f 171 202 170
f 185 216 184
f 172 203 171
f 186 217 185
f 173 204 172
f 187 218 186
f 174 205 173
f 188 219 187
f 175 206 174
f 161 194 162
f 189 220 188
f 176 207 175
f 163 193 161
f 190 221 189
f 177 208 176
f 164 195 163
f 191 222 190
f 178 209 177
f 165 196 164
f 251 218 219
f 238 205 206
f 252 219 220
f 239 206 207
f 225 194 193
f 253 220 221
f 240 207 208
f 227 193 195
f 254 221 222
f 241 208 209
f 228 195 196
f 255 222 223
f 242 209 210
f 229 196 197
f 256 223 224
f 243 210 211
f 230 197 198
f 226 224 194
f 244 211 212
f 231 198 199
f 245 212 213
f 232 199 200
f 246 213 214
f 233 200 201
f 247 214 215
f 234 201 202
f 248 215 216
f 235 202 203
f 249 216 217
f 236 203 204
f 250 217 218
f 237 204 205
f 32 31 63
f 19 18 50
f 6 5 37
f 1 32 64
f 20 19 51
f 7 6 38
f 21 20 52
f 8 7 39
f 22 21 53
f 9 8 40
f 23 22 54
f 10 9 41
f 24 23 55
f 11 10 42
f 25 24 56
f 12 11 43
f 26 25 57
f 13 12 44
f 27 26 58
f 14 13 45
f 28 27 59
f 15 14 46
f 2 1 33
f 29 28 60
f 16 15 47
f 3 2 34
f 30 29 61
f 17 16 48
f 4 3 35
f 31 30 62
f 18 17 49
f 5 4 36
f 58 90 91
f 45 77 78
f 59 91 92
f 46 78 79
f 33 65 66
f 60 92 93
f 47 79 80
f 34 66 67
f 61 93 94
f 48 80 81
f 35 67 68
f 62 94 95
f 49 81 82
f 36 68 69
f 63 95 96
f 50 82 83
f 37 69 70
f 64 96 65
f 51 83 84
f 38 70 71
f 52 84 85
f 39 71 72
f 53 85 86
f 40 72 73
f 54 86 87
f 41 73 74
f 55 87 88
f 42 74 75
f 56 88 89
f 43 75 76
f 57 89 90
f 44 76 77
f 225 227 131
f 156 252 253
f 180 179 115
f 130 226 225
f 155 251 252
f 179 178 114
f 154 250 251
f 178 177 113
f 153 249 250
f 177 176 112
f 152 248 249
f 176 175 111
f 151 247 248
f 111 175 174
f 150 246 247
f 110 174 173
f 149 245 246
f 109 173 172
f 244 245 149
f 108 172 171
f 243 244 148
f 107 171 170
f 242 243 147
f 170 169 105
f 241 242 146
f 105 169 168
f 240 241 145
f 104 168 167
f 239 240 144
f 103 167 166
f 98 162 192
f 238 239 143
f 166 165 101
f 192 191 127
f 237 238 142
f 101 165 164
f 191 190 126
f 236 237 141
f 100 164 163
f 190 189 125
f 235 236 140
f 163 161 97
f 189 188 124
f 234 235 139
f 161 162 98
f 188 187 123
f 233 234 138
f 187 186 122
f 232 233 137
f 186 185 121
f 135 231 232
f 185 184 120
f 230 231 135
f 256 226 130
f 184 183 119
f 229 230 134
f 159 255 256
f 183 182 118
f 228 229 133
f 158 254 255
f 182 181 117
f 227 228 132
f 157 253 254
f 181 180 116
f 69 133 134
f 24 120 119
f 96 160 130
f 70 134 135
f 25 121 120
f 71 135 136
f 26 122 121
f 72 136 137
f 27 123 122
f 73 137 138
f 28 124 123
f 2 97 98
f 74 138 139
f 29 125 124
f 3 99 97
f 75 139 140
f 30 126 125
f 4 100 99
f 76 140 141
f 31 127 126
f 5 101 100
f 77 141 142
f 32 128 127
f 6 102 101
f 78 142 143
f 1 98 128
f 7 103 102
f 79 143 144
f 8 104 103
f 80 144 145
f 9 105 104
f 81 145 146
f 10 106 105
f 82 146 147
f 11 107 106
f 83 147 148
f 12 108 107
f 84 148 149
f 13 109 108
f 85 149 150
f 14 110 109
f 86 150 151
f 15 111 110
f 87 151 152
f 16 112 111
f 88 152 153
f 17 113 112
f 89 153 154
f 18 114 113
f 90 154 155
f 19 115 114
f 91 155 156
f 65 130 129
f 20 116 115
f 92 156 157
f 66 129 131
f 21 117 116
f 93 157 158
f 67 131 132
f 22 118 117
f 94 158 159
f 68 132 133
f 23 119 118
f 95 159 160
f 192 224 223
f 179 211 210
f 166 198 197
f 162 194 224
f 180 212 211
f 167 199 198
f 181 213 212
f 168 200 199
f 182 214 213
f 169 201 200
f 183 215 214
f 170 202 201
f 184 216 215
f 171 203 202
f 185 217 216
f 172 204 203
f 186 218 217
f 173 205 204
f 187 219 218
f 174 206 205
f 188 220 219
f 175 207 206
f 161 193 194
f 189 221 220
f 176 208 207
f 163 195 193
f 190 222 221
f 177 209 208
f 164 196 195
f 191 223 222
f 178 210 209
f 165 197 196
f 251 250 218
f 238 237 205
f 252 251 219
f 239 238 206
f 225 226 194
f 253 252 220
f 240 239 207
f 227 225 193
f 254 253 221
f 241 240 208
f 228 227 195
f 255 254 222
f 242 241 209
f 229 228 196
f 256 255 223
f 243 242 210
f 230 229 197
f 226 256 224
f 244 243 211
f 231 230 198
f 245 244 212
f 232 231 199
f 246 245 213
f 233 232 200
f 247 246 214
f 234 233 201
f 248 247 215
f 235 234 202
f 249 248 216
f 236 235 203
f 250 249 217
f 237 236 204
